19
 P          -39.244 -12.997  68.045
 OP1        -38.993 -12.591  66.648
 OP2        -39.927 -14.279  68.333
 O5'        -40.021 -11.812  68.792
 C5'        -39.297 -10.772  69.420
 C4'        -39.526  -9.451  68.718
 O4'        -38.295  -9.045  68.077
 C3'        -40.600  -9.453  67.625
 O3'        -41.437  -8.276  67.749
 C2'        -39.765  -9.425  66.345
 C1'        -38.610  -8.560  66.800
 N1         -37.421  -8.677  65.964
 C2         -36.627  -7.537  65.823
 O2         -36.975  -6.498  66.402
 N3         -35.509  -7.602  65.053
 N4         -34.082  -8.777  63.704
 C4         -35.188  -8.750  64.456
 C5         -35.983  -9.926  64.606
 C6         -37.082  -9.850  65.368
