#SPDBV custom color
#hydrophobic
A	0	0.542	0.458
R	0.802	0.198	0
N	0.602	0.398	0
D	0.602	0.398	0
C	0	0.402	0.598
Q	0.602	0.398	0
E	0.602	0.398	0
G	0	0.982	0.018
H	0.542	0.458	0
I	0	0.002	0.998
L	0	0.142	0.858
K	0.682	0.318	0
M	0	0.522	0.478
F	0	0.342	0.658
P	0.222	0.778	0
S	0.062	0.938	0
T	0.042	0.958	0
W	0.082	0.918	0
Y	0.162	0.838	0
V	0	0.062	0.938
-----------------------------
#negative
A	0.5	0.5	0.5
R	0.5	0.5	0.5
N	0.5	0.5	0.5
D	1.0	0.0	0
C	0.5	0.5	0.5
Q	0.5	0.5	0.5
E	1.0	0.0	0
G	0.5	0.5	0.5
H	0.5	0.5	0.5
I	0.5	0.5	0.5
L	0.5	0.5	0.5
K	0.5	0.5	0.5
M	0.5	0.5	0.5
F	0.5	0.5	0.5
P	0.5	0.5	0.5
S	0.5	0.5	0.5
T	0.5	0.5	0.5
W	0.5	0.5	0.5
Y	0.5	0.5	0.5
V	0.5	0.5	0.5
-----------------------------
#positive
A	0.5	0.5	0.5
R	0.5	0.5	1.0
N	0.5	0.5	0.5
D	0.5	0.5	0.5
C	0.5	0.5	0.5
Q	0.5	0.5	0.5
E	0.5	0.5	0.5
G	0.5	0.5	0.5
H	0.5	0.5	1.0
I	0.5	0.5	0.5
L	0.5	0.5	0.5
K	0.5	0.5	1.0
M	0.5	0.5	0.5
F	0.5	0.5	0.5
P	0.5	0.5	0.5
S	0.5	0.5	0.5
T	0.5	0.5	0.5
W	0.5	0.5	0.5
Y	0.5	0.5	0.5
V	0.5	0.5	0.5
-----------------------------
